9781401220822
9780375434327
9781432845469
9781432844592
9781432840051
9781432845445
9781302910105
9780433453970
9780316413817
710425377228
31719300747
14633193596
14633194364
14633365221
93689302565
47875840034
825764107921
762183450828
602567271017
889854972424
190296959691
780163512229
825452531878
825452531885
825452531861
825452531915
714497274300
818506023191
25192332760
32429304117
24543277330
24543391852
43396527119
30306199597
97361383262
760137059288
9781504730198
9781511367721
9780062696021
9781511393942
9781536696875
9781508253617
9781507206386
9781507206409
9781401274894
9780823440184
9781572842434
9780147513878
9781338118452
9781612437675
9781680511093
